店舗受取で送料無料
5,000円（税込）以上ご購入で送料無料
12時までのご注文で当日出荷（在庫品）
カテゴリ
すべてのカテゴリ
工具
金物
木材・建材・資材
塗料・補修材・壁床材
園芸・農業資材・植物
家庭用品・日用品
カー用品
自転車
石材・ガーデン資材
ペット用品
収納用品
作業衣料・用品・荷造
文具・事務用品
ヘルス&ビューティー
家電・照明・電材
配管部材・住宅設備
物置・収納庫
アウトドア
リフォーム
リフォーム工事
アパレル
ナフコPRO
ナフコPROねじ
ギフト
FEELSKY
オンラインストアセレクト
検索キーワード
ログイン
マイ
ページ
お気に入り
0
カート
2026/09/21 台風25号の接近に伴う配送業務への影響について　2026/9/21　6時時点
2026/09/10 【重要】一部のメールアドレスをご利用のお客様へ:メール不達のお知らせ
2026/07/14 メールアドレス変更いたしました
カテゴリから探す ▾
特集・キャンペーン ▾
おすすめ商品
アウトレット
法人のお客様 ▾
ホームセンター通販 ナフコTOP
金物
戸車・キャスター
キャスター
ゴム自在キャスター
特集
プライベートブランド特集
金物
戸車・キャスター
キャスター420 G-R 50 自在

車輪がゴムで弾性を持っているため、クッション性を要求される場合には最適。

商品コード：n25655902 JANコード：2100256559029

レビューはまだありません

販売価格：
¥498
（税込）

20ポイント（特典ポイント含む）

マークについて ▼
	宅配や店舗受取を選択できる商品です

	店舗のみで受取できる商品です（宅配便でのお届けができません）
※同時購入の商品は、全て同じ店舗での受取となります

	特定の店舗のみで受取ができる商品です（宅配便でのお届けができません）
※同時購入の商品は、全て同じ店舗での受取となります

	委託業者によりお届けする商品です
※ほか商品との同時購入はできません。お手数ですが、ご購入手続きを分けてお買い求めください
※支払い方法の代金引換は選択できません。
※電話注文はできません。

	宅配のみでお届けする商品です（店舗受取は選択できません）
※「宅配・店舗受取」「宅配のみ」マークの商品のみ同時購入が可能です

	午前9時までのご注文確定した商品については、当日に出荷いたします。
ただし、メーカーの営業日に基づき出荷手続きを行うため、通常よりお時間をいただく場合がございます。
また、日曜・祝日や年末年始などの長期休業期間中は、休業明けからの出荷対応となります。

	設置工事代金も含まれた商品です

	お見積商品です。金額・施工日はお打ち合わせの上、決定となります。

	お見積商品です。金額・施工日はお打ち合わせの上、決定となります。

	エアコンの取付工事が必要な商品です。別途費用が発生する場合がございます。

	商品購入個数ごとに送料がかかる商品です
１～４日で出荷予定
 宅配を選択した場合
1
2
3
4
5
6
7
8
9
10
11
12
13
14
15
16
17
18
19
20
21
22
23
24
25
26
27
28
29
30
31
32
33
34
35
36
37
38
39
40
41
42
43
44
45
46
47
48
49
50
51
52
53
54
55
56
57
58
59
60
61
62
63
64
65
66
67
68
69
70
71
72
73
74
75
76
77
78
79
80
81
82
83
84
85
86
87
88
89
90
91
92
93
94
95
96
97
98
99
100
101
102
103
104
105
106
107
108
109
110
111
112
113
114
115
116
117
118
119
120
121
122
123
124
125
126
127
128
129
130
131
132
133
134
135
136
137
138
139
140
141
142
143
144
145
146
147
148
149
150
151
152
153
154
155
156
157
158
159
160
161
162
163
164
165
166
167
168
169
170
171
172
173
174
175
176
177
178
179
180
181
182
183
184
185
186
187
188
189
190
191
192
193
194
195
196
197
198
199
200
201
202
203
204
205
206
207
208
209
210
211
212
213
214
215
216
217
218
219
220
221
222
223
224
225
226
227
228
229
230
231
232
233
234
235
236
237
238
239
240
241
242
243
244
245
246
247
248
249
250
251
252
253
254
255
256
257
258
259
260
261
262
263
264
265
266
267
268
269
270
271
272
273
274
275
276
277
278
279
280
281
282
283
284
285
286
287
288
289
290
291
292
293
294
295
296
297
298
299
300
301
302
303
304
305
306
307
308
309
310
311
312
313
314
315
316
317
318
319
320
321
322
323
324
325
326
327
328
329
330
331
332
333
334
335
336
337
338
339
340
341
342
343
344
345
346
347
348
349
350
351
352
353
354
355
356
357
358
359
360
361
362
363
364
365
366
367
368
369
370
371
372
373
374
375
376
377
378
379
380
381
382
383
384
385
386
387
388
389
390
391
392
393
394
395
396
397
398
399
400
401
402
403
404
405
406
407
408
409
410
411
412
413
414
415
416
417
418
419
420
421
422
423
424
425
426
427
428
429
430
431
432
433
434
435
436
437
438
439
440
441
442
443
444
445
446
447
448
449
450
451
452
453
454
455
456
457
458
459
460
461
462
463
464
465
466
467
468
469
470
471
472
473
474
475
476
477
478
479
480
481
482
483
484
485
486
487
488
489
490
491
492
493
494
495
496
497
498
499
500
501
502
503
504
505
506
507
508
509
510
511
512
513
514
515
516
517
518
519
520
521
522
523
524
525
526
527
528
529
530
531
532
533
534
535
536
537
538
539
540
541
542
543
544
545
546
547
548
549
550
551
552
553
554
555
556
557
558
559
560
561
562
563
564
565
566
567
568
569
570
571
572
573
574
575
576
577
578
579
580
581
582
583
584
585
586
587
588
589
590
591
592
593
594
595
596
597
598
599
600
601
602
603
604
605
606
607
608
609
610
611
612
613
614
615
616
617
618
619
620
621
622
623
624
625
626
627
628
629
630
631
632
633
634
635
636
637
638
639
640
641
642
643
644
645
646
647
648
649
650
651
652
653
654
655
656
657
658
659
660
661
662
663
664
665
666
667
668
669
670
671
672
673
674
675
676
677
678
679
680
681
682
683
684
685
686
687
688
689
690
691
692
693
694
695
696
697
698
699
700
701
702
703
704
705
706
707
708
709
710
711
712
713
714
715
716
717
718
719
720
721
722
723
724
725
726
727
728
729
730
731
732
733
734
735
736
737
738
739
740
741
742
743
744
745
746
747
748
749
750
751
752
753
754
755
756
757
758
759
760
761
762
763
764
765
766
767
768
769
770
771
772
773
774
775
776
777
778
779
780
781
782
783
784
785
786
787
788
789
790
791
792
793
794
795
796
797
798
799
800
801
802
803
804
805
806
807
808
809
810
811
812
813
814
815
816
817
818
819
820
821
822
823
824
825
826
827
828
829
830
831
832
833
834
835
836
837
838
839
840
841
842
843
844
845
846
847
848
849
850
851
852
853
854
855
856
857
858
859
860
861
862
863
864
865
866
867
868
869
870
871
872
873
874
875
876
877
878
879
880
881
882
883
884
885
886
887
888
889
890
891
892
893
894
895
896
897
898
899
900
901
902
903
904
905
906
907
908
909
910
911
912
913
914
915
916
917
918
919
920
921
922
923
924
925
926
927
928
929
930
931
932
933
934
935
936
937
938
939
940
941
942
943
944
945
946
947
948
949
950
951
952
953
954
955
956
957
958
959
960
961
962
963
964
965
966
967
968
969
970
971
972
973
974
975
976
977
978
979
980
981
982
983
984
985
986
987
988
989
990
991
992
993
994
995
996
997
998
999
カートに入れる
キャスター420 G-R 50 自在 の商品説明
車輪:ゴム。

[仕様]:
■車輪サイズ　50mm
■耐荷重　30kg
■取付高　65mm
■形状　自在
■ストッパー　無し
■取付穴径　6.5mm

[用途]:
■車輪がゴムで弾性を持っているため、クッション性を要求される場合には最適。
■一般的なキャスターとして使用。
【入数:1】
商品説明を閉じる ▲
決済方法
クレジットカード、コンビニ決済、代金引換、ナフコ商品券（株主優待券）
※以下の商品は代引でのお支払がご利用いただけません
店舗受取商品／設置等工事付商品／メーカー直送商品／ナフコPRO商品
※商品切り替え時期は、出荷倉庫の在庫状況により、掲載画像と実際の商品のパッケージが異なる場合がございます。
※掲載のサイズ表記は、全て概寸となります。
※掲載の画像は、製造元都合によりデザイン・仕様等が予告なく変更となる場合がございます。
※お取り寄せ商品は、ご注文を受けてからの商品手配となりますので、8日以上の日数を要する場合がございます。
1
2
3
4
5
6
7
8
9
10
11
12
13
14
15
16
17
18
19
20
21
22
23
24
25
26
27
28
29
30
31
32
33
34
35
36
37
38
39
40
41
42
43
44
45
46
47
48
49
50
51
52
53
54
55
56
57
58
59
60
61
62
63
64
65
66
67
68
69
70
71
72
73
74
75
76
77
78
79
80
81
82
83
84
85
86
87
88
89
90
91
92
93
94
95
96
97
98
99
100
101
102
103
104
105
106
107
108
109
110
111
112
113
114
115
116
117
118
119
120
121
122
123
124
125
126
127
128
129
130
131
132
133
134
135
136
137
138
139
140
141
142
143
144
145
146
147
148
149
150
151
152
153
154
155
156
157
158
159
160
161
162
163
164
165
166
167
168
169
170
171
172
173
174
175
176
177
178
179
180
181
182
183
184
185
186
187
188
189
190
191
192
193
194
195
196
197
198
199
200
201
202
203
204
205
206
207
208
209
210
211
212
213
214
215
216
217
218
219
220
221
222
223
224
225
226
227
228
229
230
231
232
233
234
235
236
237
238
239
240
241
242
243
244
245
246
247
248
249
250
251
252
253
254
255
256
257
258
259
260
261
262
263
264
265
266
267
268
269
270
271
272
273
274
275
276
277
278
279
280
281
282
283
284
285
286
287
288
289
290
291
292
293
294
295
296
297
298
299
300
301
302
303
304
305
306
307
308
309
310
311
312
313
314
315
316
317
318
319
320
321
322
323
324
325
326
327
328
329
330
331
332
333
334
335
336
337
338
339
340
341
342
343
344
345
346
347
348
349
350
351
352
353
354
355
356
357
358
359
360
361
362
363
364
365
366
367
368
369
370
371
372
373
374
375
376
377
378
379
380
381
382
383
384
385
386
387
388
389
390
391
392
393
394
395
396
397
398
399
400
401
402
403
404
405
406
407
408
409
410
411
412
413
414
415
416
417
418
419
420
421
422
423
424
425
426
427
428
429
430
431
432
433
434
435
436
437
438
439
440
441
442
443
444
445
446
447
448
449
450
451
452
453
454
455
456
457
458
459
460
461
462
463
464
465
466
467
468
469
470
471
472
473
474
475
476
477
478
479
480
481
482
483
484
485
486
487
488
489
490
491
492
493
494
495
496
497
498
499
500
501
502
503
504
505
506
507
508
509
510
511
512
513
514
515
516
517
518
519
520
521
522
523
524
525
526
527
528
529
530
531
532
533
534
535
536
537
538
539
540
541
542
543
544
545
546
547
548
549
550
551
552
553
554
555
556
557
558
559
560
561
562
563
564
565
566
567
568
569
570
571
572
573
574
575
576
577
578
579
580
581
582
583
584
585
586
587
588
589
590
591
592
593
594
595
596
597
598
599
600
601
602
603
604
605
606
607
608
609
610
611
612
613
614
615
616
617
618
619
620
621
622
623
624
625
626
627
628
629
630
631
632
633
634
635
636
637
638
639
640
641
642
643
644
645
646
647
648
649
650
651
652
653
654
655
656
657
658
659
660
661
662
663
664
665
666
667
668
669
670
671
672
673
674
675
676
677
678
679
680
681
682
683
684
685
686
687
688
689
690
691
692
693
694
695
696
697
698
699
700
701
702
703
704
705
706
707
708
709
710
711
712
713
714
715
716
717
718
719
720
721
722
723
724
725
726
727
728
729
730
731
732
733
734
735
736
737
738
739
740
741
742
743
744
745
746
747
748
749
750
751
752
753
754
755
756
757
758
759
760
761
762
763
764
765
766
767
768
769
770
771
772
773
774
775
776
777
778
779
780
781
782
783
784
785
786
787
788
789
790
791
792
793
794
795
796
797
798
799
800
801
802
803
804
805
806
807
808
809
810
811
812
813
814
815
816
817
818
819
820
821
822
823
824
825
826
827
828
829
830
831
832
833
834
835
836
837
838
839
840
841
842
843
844
845
846
847
848
849
850
851
852
853
854
855
856
857
858
859
860
861
862
863
864
865
866
867
868
869
870
871
872
873
874
875
876
877
878
879
880
881
882
883
884
885
886
887
888
889
890
891
892
893
894
895
896
897
898
899
900
901
902
903
904
905
906
907
908
909
910
911
912
913
914
915
916
917
918
919
920
921
922
923
924
925
926
927
928
929
930
931
932
933
934
935
936
937
938
939
940
941
942
943
944
945
946
947
948
949
950
951
952
953
954
955
956
957
958
959
960
961
962
963
964
965
966
967
968
969
970
971
972
973
974
975
976
977
978
979
980
981
982
983
984
985
986
987
988
989
990
991
992
993
994
995
996
997
998
999
カートに入れる

レビューを投稿するには、ログインが必要です。またレビュー投稿する前に必ず約款をご確認ください。投稿した時点で約款に同意したものとみなします。　　約款についてはこちら

レビューはまだありません

ゴム自在キャスターの人気ランキング
♥

キャスター420 G-R 32 自在

￥128

♥

ハンマーキャスター キャスターW3/8 自在 420A-R50

￥598

♥

ナフコ ゴムキャスター自在 32

￥218

♥

キャスター420 G-R 25 自在

￥96

♥

ハンマーキャスター キャスターW3/8 自在SP付 415A-R50

￥648

キャスターの他のカテゴリー

前の階層に戻る
ゴム固定キャスター
ゴムステンキャスター
静音型キャスター
空気入タイヤ
ゴム車輪
その他ゴムキャスター
ナイロン自在キャスター
ナイロン固定キャスター
ナイロンステンキャスター
ナイロン車輪
その他ナイロンキャスター
イモノキャスター
木製台車
ノーパンクタイヤ
双輪キャスター
その他キャスター
ウレタンキャスター
お支払い方法

※店舗受取を選択いただいた場合であっても弊社実店舗でお支払いいただくことはできません。ご了承ください。

■クレジットカード
■コンビニ払い（前入金）
■代金引換(代引)※手数料がかかります
■ポイント払い利用可
■領収書はお客様ご自身で発行となります。
■領収書に記載する金額については商品代・配送費からポイント・クーポンを差し引いた金額の領収書を発行しております。領収書には押印はしておりません。
■商品によっては一部決済方法が使用できない場合がございます。

お届けについて

■ご自宅への宅配の場合
ご注文が確認出来次第、1～4営業日に発送いたします。「お取り寄せ」の場合は商品が揃い次第のご発送となります。お荷物の発送完了が確認出来次第、お荷物番号の記載をしたメールをお送りさせて頂きます。オンラインストアの倉庫より発送後、約1～3営業日にてお引渡しとなります。(離島などの場合、例外もあります)

メーカー直送品など一部商品については、その他商品との購入に制限がかかる場合がございます。また発送日についても、通常と異なる場合がございます。対象商品の説明ページをご確認ください。

■店舗受取をご選択いただいた場合
ご注文が確認出来次第、お受取される店舗在庫を使用してご準備をさせていただきます。店舗に在庫がない場合は店舗よりお取り寄せにてご準備をさせていただきます。※商品によってはお時間いただく場合がございます。店舗準備でのお渡しとなる為、商品のみの受け渡しとなります。（箱や納品書は付属しておりません）店舗で準備が出来次第、メールにてご連絡させていただきます。

送料について

5,000円（税込）以上お買い上げで送料無料キャンペーン実施中！
または、店舗受取なら送料無料！
※一部、適用外、追加送料が必要な商品もございます。

店舗一覧
店舗受取サービス実施一覧
送料について
お支払いについて
配送について
返品について
ポイントについて
利用規約
特定商取引に関する法律に基づく表示
プライバシーポリシー
会社概要
お問い合わせ

©2018 NAFCO Co., Ltd.

×